dataset_name;roc_40;ap_40;p@40;lof_roc_40;lof_ap_40;lof_p@40;knn_roc_40;knn_ap_40;knn_p@40;roc_45;ap_45;p@45;lof_roc_45;lof_ap_45;lof_p@45;knn_roc_45;knn_ap_45;knn_p@45;roc_50;ap_50;p@50;lof_roc_50;lof_ap_50;lof_p@50;knn_roc_50;knn_ap_50;knn_p@50;roc_55;ap_55;p@55;lof_roc_55;lof_ap_55;lof_p@55;knn_roc_55;knn_ap_55;knn_p@55;roc_60;ap_60;p@60;lof_roc_60;lof_ap_60;lof_p@60;knn_roc_60;knn_ap_60;knn_p@60;roc_65;ap_65;p@65;lof_roc_65;lof_ap_65;lof_p@65;knn_roc_65;knn_ap_65;knn_p@65;roc_70;ap_70;p@70;lof_roc_70;lof_ap_70;lof_p@70;knn_roc_70;knn_ap_70;knn_p@70;roc_75;ap_75;p@75;lof_roc_75;lof_ap_75;lof_p@75;knn_roc_75;knn_ap_75;knn_p@75;roc_80;ap_80;p@80;lof_roc_80;lof_ap_80;lof_p@80;knn_roc_80;knn_ap_80;knn_p@80;roc_85;ap_85;p@85;lof_roc_85;lof_ap_85;lof_p@85;knn_roc_85;knn_ap_85;knn_p@85;roc_90;ap_90;p@90;lof_roc_90;lof_ap_90;lof_p@90;knn_roc_90;knn_ap_90;knn_p@90;roc_95;ap_95;p@95;lof_roc_95;lof_ap_95;lof_p@95;knn_roc_95;knn_ap_95;knn_p@95;roc_100;ap_100;p@100;lof_roc_100;lof_ap_100;lof_p@100;knn_roc_100;knn_ap_100;knn_p@100
Wilt_withoutdupl_norm_02_v10_outliers;0.835086950168055;0.0877315396595968;0.13978494623655913;0.6838728533514352;0.032425128613847345;0.0;0.5430260732653571;0.02016203010266532;0.0;0.8267219150250079;0.08202479668286657;0.12903225806451613;0.6647716291194674;0.030365658582447115;0.0;0.5360622816817752;0.019847125490018384;0.0;0.8201458518948018;0.07652444738889522;0.11827956989247312;0.6487439483720119;0.028630075984173747;0.0;0.5294437923378258;0.01953928020742869;0.0;0.8128579711784589;0.07304766216388388;0.10752688172043011;0.6361433628902622;0.027345576749833587;0.0;0.5240615557221178;0.019301815559909057;0.0;0.804030961707985;0.06960442547861738;0.10752688172043011;0.6210914850589018;0.02602626517112993;0.0;0.5198590035496599;0.019128142800436683;0.0;0.7994347885524649;0.06683205964019195;0.08602150537634409;0.6088868775720891;0.024913178769625156;0.0;0.5143954500242772;0.018892494109517294;0.0;0.7932075631797034;0.0646634172929585;0.07526881720430108;0.5966422008834081;0.02397415069124759;0.0;0.5101257230133925;0.018726444288666648;0.0;0.7911781759556505;0.06347596170534064;0.07526881720430108;0.5868676726393348;0.023216942872651795;0.0;0.5063780741327375;0.018577357974896746;0.0;0.7832515450212839;0.061292859498119155;0.07526881720430108;0.5797659958610871;0.02269987069790929;0.0;0.5016852634903575;0.018410392472521984;0.0;0.7796924570905988;0.0593267023763185;0.06451612903225806;0.5715800936205118;0.022150965177713672;0.0;0.4969653472114192;0.0182209296598526;0.0;0.7718530355955934;0.057287689151375026;0.043010752688172046;0.5625338820456978;0.021615705581800697;0.0;0.4932966582285642;0.01807676428421809;0.0;0.7668891685876313;0.05562947351125702;0.043010752688172046;0.5564999316466557;0.021234349295037137;0.0;0.4895655084310315;0.017939851125890922;0.0;0.7638439092456147;0.05451335454483073;0.043010752688172046;0.5490682732059604;0.020802689950401018;0.0;0.48732516864419967;0.01784763056699402;0.0
Stamps_withoutdupl_norm_05_v10_outliers;0.823826860841424;0.1364128085335678;0.0625;0.8594255663430421;0.1527388248213304;0.0625;0.9093851132686084;0.21293235706697816;0.125;0.8335355987055015;0.14129697928669765;0.0625;0.8646844660194175;0.15828748639002757;0.0625;0.9093851132686084;0.21309302156587798;0.125;0.8357605177993528;0.14193512451843132;0.0625;0.8701456310679612;0.16323399801087063;0.0625;0.908373786407767;0.21123881897833288;0.125;0.841626213592233;0.14526899735301804;0.0625;0.8733818770226537;0.1672760929509032;0.0625;0.908373786407767;0.21124299363437662;0.125;0.8513349514563107;0.15122292660472814;0.0625;0.8782362459546925;0.17188110567257187;0.0625;0.9077669902912621;0.20990596260984562;0.125;0.8561893203883495;0.15434157636355905;0.0625;0.8830906148867315;0.17747781490891287;0.0625;0.9079692556634305;0.21024003706295447;0.125;0.8574029126213593;0.15484578637891427;0.0625;0.8853155339805825;0.17928492355175665;0.0625;0.9077669902912622;0.20983315071363373;0.125;0.8602346278317152;0.15755772946746843;0.0625;0.8869336569579287;0.18121223737343822;0.0625;0.9071601941747574;0.20874804927755009;0.125;0.8652912621359223;0.1626126665468897;0.0625;0.8897653721682848;0.1841328308225328;0.0625;0.9053398058252428;0.20516193427393076;0.0625;0.8667071197411005;0.16415046009916123;0.0625;0.8921925566343042;0.18689997210810616;0.0625;0.9053398058252426;0.20521692421862658;0.0625;0.8691343042071198;0.16625464544900823;0.0625;0.8944174757281553;0.18952769123735352;0.0625;0.905542071197411;0.20529818745173298;0.0625;0.8703478964401294;0.16709123041687218;0.0625;0.8952265372168284;0.1907738038955037;0.0625;0.905542071197411;0.20541559963910977;0.125;0.8709546925566343;0.16694687397516395;0.0625;0.8970469255663429;0.19317734664632102;0.0625;0.9049352750809061;0.2042121418948144;0.0625
SpamBase_withoutdupl_norm_20_v10_outliers;0.5832242178737381;0.2403082714305645;0.2120253164556962;0.5639020189072264;0.21072241594914237;0.185126582278481;0.6677399830756288;0.2891872139108581;0.31170886075949367;0.5858530033247876;0.2421747776792231;0.22626582278481014;0.5602624028601186;0.21238590591654052;0.17721518987341772;0.6659229916079153;0.28768880038270206;0.310126582278481;0.5869940213908027;0.2430970661390136;0.2310126582278481;0.5680761546627143;0.22317184448881955;0.19462025316455697;0.6644342853709341;0.286605175792684;0.31170886075949367;0.5900590600464669;0.24493498757616616;0.23575949367088608;0.5754818188190995;0.227793924572959;0.20094936708860758;0.6630835903701331;0.2855696392520585;0.30854430379746833;0.5920137497997116;0.24683982341113722;0.24367088607594936;0.5807249939913475;0.2307334619022618;0.2120253164556962;0.6621744687349783;0.2849106004520768;0.30854430379746833;0.5927867379025797;0.247622642676236;0.25;0.5872969576189713;0.233875821570869;0.22151898734177214;0.6612953903621215;0.28430179965966595;0.30854430379746833;0.5935534669924691;0.24869565846806893;0.254746835443038;0.5933750851225765;0.23628361132579062;0.2231012658227848;0.6605887477968274;0.2836913581342102;0.3069620253164557;0.5942306921967634;0.24985404819181659;0.2563291139240506;0.5949185577231213;0.236849222411208;0.22943037974683544;0.6599108966912354;0.283080741934311;0.3069620253164557;0.5955638619612241;0.2511797798804163;0.254746835443038;0.5984004466431662;0.23827541508660108;0.23417721518987342;0.6592737291700048;0.2825535123064632;0.3069620253164557;0.5963249579394327;0.2517680543000908;0.2579113924050633;0.600678727367409;0.23904017595387655;0.23417721518987342;0.6586393782046146;0.28210271286910554;0.310126582278481;0.5971298670084924;0.25225029704354357;0.2610759493670886;0.6033844986780964;0.24001232653345406;0.23734177215189872;0.6581984307402661;0.2817967002678104;0.30537974683544306;0.5972162413875981;0.2524146772112884;0.2626582278481013;0.6048979280163435;0.2405012373832696;0.23575949367088608;0.6577502854109918;0.28143118288157687;0.3037974683544304;0.5972869682342573;0.2524328121736664;0.2610759493670886;0.6066936388399294;0.24127125098061153;0.23417721518987342;0.6572157657026119;0.28097597003910824;0.3037974683544304
Pima_withoutdupl_norm_20_v10_outlier;0.6775199999999999;0.3214544638347385;0.384;0.673152;0.2921260455214547;0.32;0.7277440000000001;0.350047680448108;0.384;0.679744;0.3225605050143192;0.368;0.6758719999999999;0.29499032436485173;0.312;0.7261120000000001;0.34849554972432617;0.368;0.6822560000000001;0.32529101996026166;0.392;0.683232;0.30107864754603425;0.32;0.726976;0.34792792749912405;0.368;0.6839199999999999;0.32544638068003545;0.376;0.687712;0.30380196189235065;0.328;0.726152;0.3483469934303144;0.368;0.684704;0.326574736451499;0.36;0.6911520000000001;0.30582265970971007;0.336;0.7261119999999999;0.3485794180602689;0.368;0.6869439999999999;0.32730765867522904;0.36;0.69344;0.30604139202575303;0.336;0.7258319999999999;0.34796163976346367;0.376;0.68824;0.3283742831111314;0.36;0.696912;0.3093878411874864;0.336;0.724296;0.3468136562100351;0.376;0.6907840000000001;0.32989792651982874;0.352;0.7006239999999999;0.31276186326974875;0.344;0.72616;0.34755165835281865;0.376;0.692256;0.3304759765019182;0.36;0.702064;0.3134244531948707;0.344;0.725824;0.3473160970436289;0.376;0.6936;0.33163173476905694;0.36;0.704736;0.31570837873608076;0.344;0.725216;0.3470114287546395;0.376;0.6961919999999999;0.332660269701031;0.36;0.7070400000000001;0.31781475115684743;0.352;0.7246879999999999;0.3469946432485627;0.376;0.6982240000000001;0.33399014681728345;0.36;0.708496;0.31902401435422223;0.36;0.72384;0.34645427377871774;0.368;0.7000639999999999;0.33540772875767944;0.376;0.709696;0.3200221755188692;0.352;0.72376;0.3466374659892291;0.368
Parkinson_withoutdupl_norm_20_v10_outliers;0.751736111111111;0.6330762987012988;0.5833333333333334;0.7795138888888888;0.6993304064416652;0.6666666666666666;0.7760416666666666;0.7064554849898818;0.6666666666666666;0.7899305555555556;0.6734333152765357;0.5833333333333334;0.8055555555555555;0.7239518415695952;0.6666666666666666;0.7586805555555555;0.6883000682236267;0.6666666666666666;0.7951388888888887;0.6749961370651026;0.5833333333333334;0.7256944444444445;0.6592913259579927;0.6666666666666666;0.7256944444444444;0.6418310084976753;0.5833333333333334;0.8229166666666666;0.7059823476212057;0.5833333333333334;0.8697916666666667;0.7060934461070331;0.6666666666666666;0.6206597222222222;0.5132448455452938;0.4166666666666667
PageBlocks_withoutdupl_norm_05_v10_outliers;0.7884633230083965;0.2427163131126581;0.26953125;0.899894244061028;0.37403960830005;0.3984375;0.9417358373438461;0.529126208901201;0.484375;0.7960222327462625;0.2481849864115383;0.27734375;0.9123681650624615;0.39643643911484894;0.40625;0.9413686514437846;0.5278648052959084;0.47265625;0.8061026456584068;0.2574433671746527;0.28515625;0.9237005298996518;0.4178252654811731;0.4140625;0.9406150803809133;0.526123914937148;0.47265625;0.8135319603727217;0.2641695987303777;0.3046875;0.9309874500819167;0.43679920160196084;0.421875;0.9404078883370879;0.526172401956911;0.4765625;0.8214684556113045;0.27163570071234766;0.3046875;0.9366104341593283;0.45363041776506036;0.42578125;0.9398439099938564;0.5243810078092102;0.46875;0.8292545566250257;0.275435372149549;0.30859375;0.9406398794286299;0.46559315936732143;0.4375;0.9389823430780257;0.5217152519657487;0.46875;0.836374283227524;0.2822596851057196;0.3203125;0.9439157536350604;0.4744583083837688;0.453125;0.9383359678988327;0.5200053675004752;0.47265625;0.8447851602498464;0.28975788682072995;0.32421875;0.9471668287937743;0.48586152332903404;0.46484375;0.937865585961499;0.5190865912539262;0.4765625;0.8535464238173253;0.2967988256567781;0.3359375;0.9494675404464469;0.49522454895785134;0.4765625;0.9374688011980339;0.5181046728290132;0.48046875;0.8603861611714112;0.302462657096081;0.3359375;0.9513730672742167;0.5055303905215991;0.48828125;0.9371992115502764;0.5169433133156166;0.4765625;0.8663219332377636;0.3077728901187405;0.33203125;0.9531122004915011;0.5132130468745931;0.49609375;0.9367864274011879;0.5159500947018363;0.4765625;0.8720913116936311;0.3141040596053657;0.3359375;0.9546385418799919;0.5218806065030299;0.50390625;0.9363540440047103;0.5152673022927023;0.4765625;0.8777574941122261;0.3207116399178177;0.33984375;0.9559752905488429;0.528789861920808;0.50390625;0.9360240566762237;0.5142331773427409;0.4765625
Hepatitis_withoutdupl_norm_10_v10_outliers;0.7675906183368869;0.19866104392501907;0.14285714285714285;0.7782515991471216;0.24440956127043717;0.14285714285714285;0.7761194029850746;0.24803421368547418;0.14285714285714285;0.7739872068230277;0.20281548025908927;0.14285714285714285;0.7846481876332622;0.2518607442977191;0.14285714285714285;0.7526652452025586;0.23539856502041376;0.14285714285714285;0.767590618336887;0.20023591397824966;0.14285714285714285;0.7931769722814499;0.2576672335600907;0.14285714285714285;0.7270788912579957;0.22688921722535169;0.14285714285714285;0.7611940298507462;0.20425840090693712;0.14285714285714285;0.791044776119403;0.25470704410796574;0.14285714285714285;0.699360341151386;0.21708289376356601;0.14285714285714285;0.7526652452025585;0.19587031761598614;0.14285714285714285;0.7910447761194029;0.25152490728793686;0.14285714285714285;0.6567164179104478;0.20162269281135498;0.14285714285714285;0.7569296375266525;0.19887938965037694;0.14285714285714285;0.6759061833688699;0.20112534325769618;0.14285714285714285;0.6044776119402985;0.18498387130915042;0.14285714285714285;0.7803837953091685;0.22786114855442588;0.14285714285714285;0.7867803837953091;0.28827838827838825;0.14285714285714285;0.36460554371002135;0.14081387815369778;0.14285714285714285
HeartDisease_withoutdupl_norm_20_v10_outliers;0.7931531531531532;0.5030277972795627;0.4594594594594595;0.7358558558558559;0.3403480936377459;0.2702702702702703;0.8115315315315316;0.48644057662495377;0.4594594594594595;0.8014414414414415;0.5242126760009437;0.4594594594594595;0.7524324324324325;0.3564107018082535;0.2702702702702703;0.8136936936936937;0.49859667407761743;0.4864864864864865;0.8030630630630631;0.5261586396357814;0.4594594594594595;0.765045045045045;0.3739521464650265;0.2972972972972973;0.8127927927927928;0.49874086534927525;0.4594594594594595;0.8037837837837838;0.5161753413738331;0.4594594594594595;0.7825225225225225;0.3981103928889457;0.35135135135135137;0.8131531531531532;0.49965763063575463;0.4864864864864865;0.8063063063063063;0.5228218918338078;0.4864864864864865;0.794954954954955;0.42183268728432644;0.35135135135135137;0.8127027027027027;0.5035870958972756;0.4864864864864865;0.8100900900900901;0.5252334661770136;0.4864864864864865;0.8025225225225225;0.44073477975308034;0.4594594594594595;0.8135135135135135;0.5133617954305552;0.5135135135135135;0.8106306306306307;0.5266369775980347;0.4864864864864865;0.8063063063063063;0.4512958866869259;0.4864864864864865;0.8127927927927928;0.5168384558237606;0.5135135135135135;0.8113513513513515;0.5292805602228751;0.4864864864864865;0.8147747747747748;0.46637709404101607;0.4864864864864865;0.8111711711711712;0.5198536758333729;0.5135135135135135;0.8135135135135135;0.5308131205920507;0.4864864864864865;0.8185585585585586;0.4837084795593142;0.4864864864864865;0.8082882882882882;0.5139169583551333;0.5135135135135135;0.816036036036036;0.5325847326849794;0.4864864864864865;0.8154954954954955;0.48752654109599486;0.4864864864864865;0.8066666666666668;0.5148441743077843;0.5135135135135135;0.8174774774774776;0.5364688395189714;0.4864864864864865;0.8187387387387387;0.5056810767218425;0.4864864864864865;0.8091891891891893;0.5166227088351395;0.5135135135135135;0.8187387387387388;0.5382948153836365;0.4864864864864865;0.821081081081081;0.5165299833349438;0.5135135135135135;0.8054954954954955;0.5188451253353399;0.5135135135135135;0.8212612612612613;0.5400170455532883;0.4864864864864865;0.8192792792792793;0.5187626076522649;0.5135135135135135;0.8007207207207208;0.5173868758477421;0.5135135135135135
Cardiotocography_withoutdupl_norm_20_v10_outliers;0.5068757953152984;0.23511338519397168;0.23058252427184467;0.5273411725893109;0.2477820632097973;0.25970873786407767;0.5212872030822886;0.3135165663237661;0.3131067961165049;0.5085864596097652;0.23408115843375443;0.23058252427184467;0.530500341691017;0.24621118375925213;0.2524271844660194;0.5251282814120086;0.3155337453213587;0.3131067961165049;0.5112213097370157;0.23567769614594386;0.22815533980582525;0.5372664129512678;0.24838869251409432;0.25;0.5286615432651522;0.31799334128865586;0.3106796116504854;0.5141455662644925;0.2366204217015264;0.22572815533980584;0.5427364148364596;0.2507786133173057;0.25485436893203883;0.5325622702422472;0.3212242005859748;0.3131067961165049;0.5169910276651899;0.23753847101650938;0.22815533980582525;0.5473389339240268;0.2528329986939894;0.2645631067961165;0.5356676819210104;0.3235779799088886;0.3106796116504854;0.5183526369120558;0.2375884505517093;0.22815533980582525;0.5545203365067395;0.25604715676873424;0.2669902912621359;0.5395580992553493;0.3261815560830419;0.3131067961165049;0.52096981336601;0.23763424369431074;0.21844660194174756;0.5608430931284758;0.2603096007464035;0.27184466019417475;0.5423159286926195;0.3284708085299618;0.3155339805825243;0.5245811339428786;0.23813183547625988;0.220873786407767;0.5672586365350174;0.2642307849083245;0.28398058252427183;0.5455185455745122;0.33051723587147747;0.3155339805825243;0.527617323734565;0.23894565463525444;0.22330097087378642;0.5731852083136959;0.2689508404323139;0.3058252427184466;0.5479332111886135;0.33208051991186727;0.3155339805825243;0.5312934477801867;0.2402948587627956;0.220873786407767;0.5791765835611273;0.27365948626548386;0.3179611650485437;0.5511785394476387;0.3342591151055498;0.3155339805825243;0.5364482691582618;0.2420597563131906;0.21844660194174756;0.5837260816288057;0.27752665244419755;0.32524271844660196;0.5532235307286266;0.33550143019230727;0.3155339805825243;0.5398033214723349;0.24355969475940248;0.21844660194174756;0.5882240314827034;0.2819146457107033;0.33980582524271846;0.5548531906871524;0.33657065675135694;0.3179611650485437;0.5444478155339806;0.2451816053031014;0.21844660194174756;0.5913861461966254;0.28531569747225893;0.3470873786407767;0.5565056791403524;0.33782463933828133;0.3179611650485437
Arrhythmia_withoutdupl_norm_20_v10_outliers;0.7437516796560065;0.4911830445218785;0.45901639344262296;0.7479844127922601;0.49366559771564494;0.45901639344262296;0.750873421123354;0.5204929792372995;0.45901639344262296;0.7442219833378125;0.4914670451410226;0.45901639344262296;0.7479172265520021;0.4969221645883826;0.45901639344262296;0.750268744961032;0.5210469974464498;0.47540983606557374;0.7451625907014243;0.4908050684301599;0.45901639344262296;0.7473797366299382;0.49704817020188574;0.45901639344262296;0.750100779360387;0.5202846775505456;0.47540983606557374;0.7453641494221984;0.49161908886001804;0.45901639344262296;0.7474469228701962;0.49803081424714335;0.45901639344262296;0.750235151840903;0.5224283956811622;0.47540983606557374;0.7459688255845203;0.4922770064567499;0.47540983606557374;0.7471781779091642;0.4980886076112711;0.45901639344262296;0.749966406879871;0.5223342690077654;0.47540983606557374;0.7431470034936845;0.48958017530660264;0.45901639344262296;0.7469094329481322;0.5015957255706556;0.45901639344262296;0.749260951357162;0.5239219659356175;0.47540983606557374;0.7444235420585864;0.4905725731006644;0.45901639344262296;0.7469094329481323;0.501622026828223;0.45901639344262296;0.749395323837678;0.5241751587826877;0.47540983606557374;0.7446251007793604;0.4903337783958491;0.45901639344262296;0.7483203439935502;0.5039479946024121;0.45901639344262296;0.748723461435098;0.5231931061924792;0.47540983606557374;0.7444907282988444;0.4892987210447047;0.45901639344262296;0.7478500403117441;0.5040943079285399;0.47540983606557374;0.7481187852727761;0.523759185569385;0.47540983606557374;0.7465063155065843;0.49042342454404714;0.45901639344262296;0.7465063155065842;0.5036309312157946;0.47540983606557374;0.7493953238376779;0.5237666308075732;0.47540983606557374;0.7471781779091642;0.4907730241809602;0.47540983606557374;0.7462375705455522;0.5058503206591591;0.47540983606557374;0.7497312550389681;0.5241370487241925;0.47540983606557374;0.7462375705455523;0.49029395366391987;0.47540983606557374;0.7458344531040044;0.5068890356732297;0.47540983606557374;0.750134372480516;0.5243887792817324;0.47540983606557374;0.7442219833378124;0.48916416941980567;0.47540983606557374;0.7457000806234882;0.5115977932550997;0.47540983606557374;0.7508734211233539;0.524900656856472;0.47540983606557374
Annthyroid_05_v10_outlier;0.7133851956624233;0.10581100743738464;0.15714285714285714;0.7515275813295614;0.12642667936630067;0.14857142857142858;0.6667733916248768;0.1076657875749808;0.14;0.7113741374137413;0.10202385206742642;0.14285714285714285;0.752069349792122;0.13416158640743459;0.15428571428571428;0.6636273627362737;0.10828661028350442;0.14;0.710978955038361;0.10070797124828627;0.14285714285714285;0.7518644721615019;0.14192748018490475;0.17714285714285713;0.6599286357207149;0.10696954170190331;0.12857142857142856;0.7121186404354721;0.100874323718435;0.14285714285714285;0.7520946380352321;0.151174894415055;0.18857142857142858;0.6561096823968111;0.10325991635204738;0.12571428571428572;0.7112897003986114;0.10006835982573961;0.14285714285714285;0.7457725772577256;0.15601957229727267;0.22285714285714286;0.6527499892846428;0.0961234331074765;0.12571428571428572;0.7106690669066907;0.09899551525277425;0.12285714285714286;0.7406806394925207;0.14496595138092327;0.2257142857142857;0.6496853971111397;0.09466004985278496;0.12571428571428572;0.7096163902104495;0.09901193278297069;0.12285714285714286;0.7360867515322961;0.14348775092492008;0.24571428571428572;0.646904547597617;0.09353171112075392;0.12285714285714286;0.706946551798037;0.09902781293756222;0.12857142857142856;0.7306437786635807;0.14469236316897957;0.26285714285714284;0.6445638849599246;0.09280727834784849;0.12;0.7067223865243667;0.09881786692353714;0.12285714285714286;0.7265226522652265;0.1472143043499896;0.26571428571428574;0.6422302944580174;0.09217578240270657;0.12571428571428572;0.7066049462089067;0.09869334923107861;0.11714285714285715;0.7230885945737431;0.14792789597040215;0.26;0.6396455359821696;0.09013380063514698;0.11142857142857143;0.7052650979383652;0.09840943178420217;0.11142857142857143;0.7176910548197677;0.14310335737636998;0.2571428571428571;0.6371231408855171;0.0885157540085909;0.08571428571428572;0.7027328447130426;0.09800298043081446;0.10571428571428572;0.7111504007543612;0.13351838304503139;0.24571428571428572;0.6352085208520853;0.08780822500404917;0.08857142857142856;0.7013479919420512;0.09811392328277507;0.11142857142857143;0.7031704599031333;0.1238699841446172;0.2257142857142857;0.6333959110196734;0.08744807645095254;0.08571428571428572
glass_outlier;0.6509485094850949;0.09056340812836436;0.1111111111111111;0.7685636856368563;0.11240431305352946;0.1111111111111111;0.7766937669376693;0.11413595894997727;0.1111111111111111;0.6720867208672088;0.09357465103853142;0.1111111111111111;0.77289972899729;0.10960910988631506;0.1111111111111111;0.7826558265582656;0.11670720425001885;0.1111111111111111;0.6937669376693767;0.09492101781767127;0.1111111111111111;0.7658536585365854;0.10783944776091914;0.1111111111111111;0.7826558265582656;0.11697182310572403;0.1111111111111111;0.7089430894308943;0.09715712551424677;0.1111111111111111;0.7474254742547426;0.1018115630553565;0.1111111111111111;0.7788617886178862;0.11588328621415593;0.1111111111111111;0.7268292682926829;0.10194640098930527;0.1111111111111111;0.7425474254742548;0.10081295265005738;0.1111111111111111;0.7821138211382114;0.11727042549253992;0.1111111111111111;0.7392953929539295;0.1025590459774831;0.1111111111111111;0.7485094850948508;0.10218332671345218;0.1111111111111111;0.7831978319783197;0.11889482117830528;0.1111111111111111;0.7457994579945799;0.10423851653220054;0.1111111111111111;0.7533875338753386;0.10330612643891213;0.1111111111111111;0.7848238482384823;0.11996246698279318;0.1111111111111111;0.7463414634146341;0.10364739524505186;0.1111111111111111;0.7479674796747967;0.10113301443621137;0.1111111111111111;0.7815718157181573;0.11796599595311617;0.1111111111111111;0.7506775067750677;0.10545048455736362;0.1111111111111111;0.7474254742547426;0.100959403729516;0.1111111111111111;0.7799457994579946;0.1173136647452294;0.1111111111111111;0.7506775067750677;0.10390322734770172;0.1111111111111111;0.7501355013550135;0.10049420731478204;0.1111111111111111;0.7788617886178861;0.1176004676796433;0.1111111111111111;0.7550135501355014;0.1046598550370175;0.1111111111111111;0.7528455284552845;0.10035629876516464;0.1111111111111111;0.7772357723577236;0.11718508816781459;0.1111111111111111;0.7577235772357724;0.10516043898663231;0.1111111111111111;0.759349593495935;0.1072209115101817;0.1111111111111111;0.7750677506775068;0.11661787319333926;0.1111111111111111;0.7598915989159892;0.10574380963029442;0.1111111111111111;0.7582655826558266;0.10056257004639907;0.1111111111111111;0.7723577235772358;0.11593019394843268;0.1111111111111111
Waveform_withoutdupl_norm_v10_outlier;0.6283338318875262;0.06712665305581292;0.11;0.7315345498055639;0.09562648466275613;0.14;0.7528028716721507;0.13730446463759766;0.22;0.6321896500149566;0.06752650745681675;0.11;0.7329015854023331;0.09808292786445807;0.14;0.7546275800179479;0.13470086802370773;0.22;0.6349895303619503;0.06827727773817749;0.11;0.7338468441519593;0.10123434060822464;0.14;0.7549207298833382;0.13543492724855155;0.22;0.6360843553694288;0.0686409884439616;0.11;0.7353634460065809;0.10526182300763226;0.14;0.7561471731977266;0.134812365119394;0.22;0.6372240502542627;0.06884886815925047;0.11;0.7367424469039785;0.10598951123922004;0.14;0.7566736464253665;0.13464777593973806;0.22;0.6379898294944659;0.06930404090601668;0.11;0.7366975770266229;0.10743273952604575;0.15;0.7564612623392163;0.13478080861774816;0.22;0.6393897696679629;0.0696919770572402;0.11;0.7374244690397846;0.10791749349647738;0.16;0.7571851630272212;0.1357158921675869;0.22;0.6412025127131318;0.0701944101772864;0.11;0.7377475321567454;0.10945430926721654;0.18;0.7576548010768771;0.1349883638672955;0.23;0.6425007478312893;0.07032595343612033;0.11;0.7384504935686509;0.11019346570416708;0.18;0.7589500448698775;0.13365581677756444;0.22;0.6442506730481603;0.0708460369589814;0.11;0.739189350882441;0.11190206244386572;0.18;0.7595243793000299;0.13541623574624836;0.22;0.6458181274304517;0.07115874469559597;0.11;0.7397935985641639;0.11342708365021602;0.18;0.7592162728088544;0.13593664612646325;0.22;0.6464463057134311;0.07153818601408746;0.11;0.7395124139994018;0.11359587598892741;0.19;0.7588991923422075;0.13438415222760347;0.22;0.6474244690397846;0.07160049801899485;0.11;0.7397277894107089;0.11472974197264366;0.19;0.7600299132515704;0.13448058522097373;0.22
WBC_withoutdupl_norm_v10_outlier;0.9910798122065728;0.8855727554179565;0.8;0.9661971830985916;0.41546208693267517;0.4;0.9934272300469484;0.9243434343434344;0.9;0.9901408450704225;0.8701315789473684;0.8;0.9718309859154929;0.46477688977688975;0.4;0.9934272300469483;0.9243434343434344;0.9;0.9906103286384977;0.8826315789473683;0.8;0.9751173708920187;0.503131868131868;0.5;0.9934272300469484;0.9243434343434344;0.9;0.9906103286384977;0.8783000281452293;0.7;0.9765258215962441;0.5351773226773227;0.5;0.9938967136150234;0.9354545454545454;0.9;0.9901408450704225;0.875358851674641;0.7;0.9793427230046948;0.5618240817153861;0.5;0.9938967136150234;0.9354545454545454;0.9;0.9896713615023475;0.869298245614035;0.7;0.9812206572769953;0.5923976747889792;0.6;0.9938967136150235;0.9354545454545454;0.9;0.9896713615023475;0.869298245614035;0.7;0.9835680751173709;0.6758592132505175;0.7;0.9938967136150236;0.9354545454545454;0.9;0.9896713615023475;0.869298245614035;0.7;0.9849765258215962;0.7018648742561785;0.7;0.9938967136150235;0.9354545454545454;0.9;0.9896713615023475;0.869298245614035;0.7;0.9863849765258216;0.7328722002635045;0.7;0.9938967136150235;0.9354545454545455;0.9;0.9906103286384976;0.8751633986928103;0.7;0.9863849765258216;0.7328722002635045;0.7;0.9938967136150236;0.9354545454545454;0.9;0.9896713615023474;0.8696078431372548;0.7;0.9877934272300469;0.7765151515151514;0.7;0.9938967136150235;0.9354545454545455;0.9;0.9910798122065728;0.8816088516746411;0.7;0.9887323943661972;0.7915656565656565;0.8;0.9938967136150235;0.9354545454545454;0.9;0.9910798122065728;0.8816088516746411;0.7;0.9887323943661972;0.7915656565656565;0.8;0.9938967136150235;0.9354545454545454;0.9
WDBC_withoutdupl_norm_v10_outlier;0.9442577030812325;0.276563234489198;0.2;0.9868347338935575;0.6127410813823857;0.5;0.9840336134453781;0.5365109890109889;0.5;0.94593837535014;0.279017300283958;0.2;0.9865546218487395;0.6109294871794871;0.5;0.984313725490196;0.5380810907358895;0.5;0.94593837535014;0.2781037160895476;0.2;0.9862745098039216;0.612703081232493;0.5;0.9845938375350141;0.5407126696832579;0.5;0.9470588235294118;0.2823844537815126;0.2;0.9862745098039215;0.6055861040068201;0.5;0.9848739495798319;0.5436538461538462;0.5;0.9478991596638655;0.283591394237946;0.2;0.9868347338935575;0.6132417816624978;0.5;0.9848739495798319;0.5425242638861565;0.5;0.9484593837535014;0.284582070228622;0.2;0.9873949579831933;0.6295537305831423;0.6;0.984873949579832;0.5425242638861565;0.5;0.9495798319327731;0.2881368487834005;0.2;0.9868347338935575;0.624205745235157;0.6;0.9845938375350141;0.5407126696832579;0.5;0.9495798319327731;0.2893273249738767;0.2;0.9868347338935575;0.6227122387416505;0.6;0.9851540616246499;0.5475;0.5;0.9492997198879551;0.28811275312363127;0.2;0.9876750700280112;0.6277289611496772;0.6;0.9857142857142858;0.5531577480490525;0.5;0.9495798319327731;0.28882703883791694;0.2;0.9873949579831933;0.6239194373401534;0.6;0.9851540616246498;0.5454654403567447;0.5;0.9509803921568628;0.2950373482726424;0.3;0.9876750700280112;0.6272282608695652;0.6;0.9854341736694678;0.5493115942028985;0.5;0.9509803921568628;0.2954771367066449;0.3;0.9879551820728292;0.6325312911725955;0.6;0.9857142857142858;0.5531577480490525;0.5;0.9526610644257704;0.30166013049380186;0.3;0.9876750700280111;0.6292224676431838;0.6;0.9859943977591037;0.5542290552584671;0.5
WPBC_withoutdupl_norm_outlier;0.5128927715936311;0.23480366112132134;0.1702127659574468;0.5106382978723404;0.2307919941095824;0.1702127659574468;0.5041566859236297;0.23306315691695567;0.14893617021276595;0.5133154854163731;0.23464125058371393;0.1702127659574468;0.5072565872904045;0.22944336249539027;0.1702127659574468;0.5009158799492743;0.2323672920262737;0.14893617021276595;0.506974778075243;0.23294825949759265;0.1702127659574468;0.5052839227842751;0.22959879457344565;0.1702127659574468;0.501056784556855;0.23205647804761773;0.1702127659574468;0.5081020149358885;0.2335930784969469;0.1702127659574468;0.5020431168099198;0.22960216019872415;0.1702127659574468;0.500211356911371;0.2313663525510289;0.14893617021276595;0.508242919543469;0.23322834839777404;0.1702127659574468;0.49894321544314496;0.2293808600766072;0.1702127659574468;0.49922502465830626;0.23188489644007448;0.1702127659574468;0.5073974918979851;0.23273533115389622;0.1702127659574468;0.4969705509370156;0.22928368409447572;0.1702127659574468;0.5016204029871776;0.2329967628251114;0.1702127659574468;0.5041566859236297;0.2313596097993016;0.1702127659574468;0.4975341693673383;0.2302340380756623;0.1702127659574468;0.5033112582781457;0.23190927818197613;0.14893617021276595;0.5055657319994364;0.2313331540325715;0.1702127659574468;0.49640693250669293;0.23123549017526177;0.1702127659574468;0.5028885444554037;0.2329922058961147;0.14893617021276595;0.5076793011131464;0.23246904663352314;0.1702127659574468;0.49837959701282236;0.23243730559910303;0.1702127659574468;0.5021840214175004;0.23301384245892687;0.1276595744680851;0.5075383965055658;0.2329861937465466;0.1702127659574468;0.4971114555445963;0.2315710940035086;0.1702127659574468;0.5007749753416937;0.23261606151677328;0.14893617021276595;0.5062702550373397;0.23257724571013777;0.1702127659574468;0.4942933633929829;0.2314678884304848;0.1702127659574468;0.49922502465830637;0.23311914420956326;0.14893617021276595;0.5045793997463717;0.2320623243184627;0.1702127659574468;0.49894321544314496;0.23455732654061096;0.1702127659574468;0.5009158799492743;0.23358984051120596;0.1276595744680851;0.5066929688600816;0.232834357834102;0.1702127659574468;0.5003522615189517;0.23552099077566435;0.14893617021276595;0.5026771875440327;0.23456746116561344;0.14893617021276595
Shuttle_withoutdupl_norm_v10_outlier;0.5139230769230769;0.013117447365356194;0.0;0.5960000000000001;0.021355495271330665;0.0;0.5543076923076923;0.0161870052287389;0.0;0.5116153846153846;0.013033068133805597;0.0;0.585;0.02375207019214423;0.0;0.5516923076923077;0.016484543217966042;0.0;0.4939230769230769;0.01262827664563513;0.0;0.5726153846153846;0.02488695759923519;0.0;0.5396923076923077;0.01605318250230702;0.0;0.4946923076923077;0.01269103002619371;0.0;0.5633076923076924;0.025421779443468108;0.0;0.5333846153846153;0.01626278300848016;0.0;0.4986153846153846;0.012838325006548815;0.0;0.5585384615384615;0.025900372453153547;0.0;0.5298076923076923;0.016278107092690435;0.0;0.49776923076923074;0.012740719776015352;0.0;0.5567692307692308;0.025547716916081632;0.0;0.5264615384615384;0.01616954094977457;0.0;0.497;0.012792321766511662;0.0;0.5543846153846155;0.02578460277309133;0.0;0.5253076923076924;0.016928963960722562;0.0;0.4863846153846154;0.012604663864155919;0.0;0.5440769230769231;0.023703982281848165;0.0;0.5222307692307693;0.017346289044164607;0.0;0.47407692307692306;0.012306315203916923;0.0;0.5346923076923078;0.021531653539332438;0.0;0.5223076923076924;0.018016648469784118;0.0;0.47476923076923083;0.012400822399892486;0.0;0.5245384615384616;0.02000848747263852;0.0;0.5173076923076924;0.018343793577428553;0.0;0.47223076923076923;0.012459530106799684;0.0;0.5185384615384615;0.01874428411935394;0.0;0.5140769230769231;0.018627458081858523;0.0;0.4730769230769231;0.012524330598412268;0.0;0.5107692307692308;0.017621034226118097;0.0;0.514846153846154;0.019312810247888838;0.0;0.47661538461538466;0.012606757217520817;0.0;0.5031538461538462;0.016843981862954223;0.0;0.5129230769230769;0.019097125889936926;0.0
